feed,title,long_url,short_url
GN:T:NF,Most complex lift to date completed at ITER : New Nuclear - World Nuclear News,https://www.world-nuclear-news.org/Articles/Most-complex-lift-to-date-completed-at-ITER,
