feed,title,long_url,short_url
Medium,Learn with me: Why are loops slow in python ?,https://medium.com/p/566582f949de,
