feed,title,long_url,short_url
ArXiv,Generalized knowledge-enhanced framework for biomedical entity and relation extraction,https://arxiv.org/abs/2408.06618,
ArXiv,Adaptive Data Quality Scoring Operations Framework using Drift-Aware Mechanism for Industrial Applications,https://arxiv.org/abs/2408.06724,
ArXiv,GraNNDis: Efficient Unified Distributed Training Framework for Deep GNNs on Large Clusters,https://arxiv.org/abs/2311.06837,
