feed,title,long_url,short_url
r/ML:200+,[R] My continuously updated machine learning research notes,https://redd.it/u8osxe,
