feed,title,long_url,short_url
RS,Staff Experiences at a New York City Medical Center During the Spring Peak of the Covid-19 Pandemic: A Qualitative Study,https://www.researchsquare.com/article/rs-268807/latest,https://j.mp/3fbE9Up
RS,Identification of Multi-Target Directed Inhibitors of SARS-CoV-2: Drug Repurposing,https://www.researchsquare.com/article/rs-335733/latest,https://j.mp/39a5v9W
