feed,title,long_url,short_url
TDS,Exploring causality in Python. Difference-in-differences,https://medium.com/p/90179fe71e62,
