feed,title,long_url,short_url
Medium:DS,The Rise of Peptide Research in Modern Biotechnology,https://medium.com/p/cd10070b20a8,
Medium:DS,Why GPUs Became the Brains Behind Modern AI,https://medium.com/p/f4aac58f56a9,
