feed,title,long_url,short_url
Medium,Building My First Automated Data Pipeline with Python & GCP,https://medium.com/p/4b026cd887cb,
Medium,10 Python Projects That Teach You How to Design APIs,https://medium.com/p/11b4e323bcaa,
