feed,title,long_url,short_url
r/covid19:200+,[Academic Report] Elevated biomarker for blood vessel damage found in all children with SARS-CoV-2,https://redd.it/my5k1u,
