feed,title,long_url,short_url
Medium,Checklist for NLPOps — Bringing an NLP Model to Production,https://medium.com/p/72763bee081f,
